0,692
5582,6
5582,5
5582,4
5582,3
5582,2
5582,1
5582,0
5581,5
5581,4
5581,3
5581,2
5581,1
5581,0
4742,25
5580,45
5580,44
5580,43
5580,42
5580,41
5580,40
5580,39
5580,38
5580,37
5580,36
5580,35
11,3
11,2
11,1
10,254
10,252
10,239
10,201
10,190
10,178
10,176
10,155
10,149
10,147
10,130
10,128
10,29
18,1
18,3
10,14
10,3
10,2
10,1
9,7
9,6
9,5
9,4
9,3
9,2
9,1
8,18
8,17
8,16
14,134
13,5
8,15
8,14
8,10
8,9
8,8
8,7
8,6
8,5
8,4
8,3
8,2
8,1
3,3
3,2
3,1
0,831
0,792
0,773
0,771
0,768
0,759
0,738
0,727
0,636
0,632
0,630
0,628
0,627
0,620
0,619
0,607
0,606
0,585
0,582
0,581
0,579
2,2
2,1
2,3
0,494
0,492
0,491
0,481
0,477
0,475
0,431
0,388
0,386
0,383
0,317
0,305
0,0
14,1
14,101
13,1
14,3
13,11
13,3
0,695
0,344
5580,34
5580,33
5580,32
5580,31
5580,30
5580,29
5580,28
5580,27
5580,26
5580,25
5580,24
5580,23
5580,22
5580,21
5580,20
5580,19
5580,18
5580,17
5580,16
5580,15
5580,14
5580,13
5580,12
5580,11
5580,10
5580,9
5580,8
5580,7
5580,6
5580,5
5580,4
5580,3
5580,2
5580,0
0,358
0,486
0,470
0,479
0,355
0,9
0,444
0,439
0,428
0,426
0,425
0,433
0,414
0,407
0,405
0,403
0,432
0,402
0,391
0,436
0,435
0,430
0,422
0,385
0,463
0,674
0,310
0,589
0,588
0,686
0,306
0,683
0,676
0,293
0,285
0,303
0,276
0,315
0,304
0,302
0,296
0,275
0,272
0,271
0,319
0,12
0,629
0,10
0,667
0,8
0,707
0,812
0,448
0,268
0,651
0,811
0,267
0,671
0,689
0,266
0,511
0,770
0,443
0,265
0,688
0,670
0,442
0,264
0,732
0,610
0,441
0,263
0,669
0,681
0,440
0,262
0,739
0,776
0,261
0,685
0,292
0,438
0,260
0,392
0,809
0,437
0,259
0,746
0,312
0,258
0,507
0,818
0,257
0,690
0,290
0,434
0,256
0,709
0,255
0,680
0,615
0,254
0,725
0,817
0,253
0,510
0,654
0,252
0,717
0,794
0,429
0,251
0,416
0,769
0,250
0,748
0,710
0,249
0,390
0,294
0,248
0,684
0,289
0,427
0,247
0,698
0,308
0,246
0,704
0,245
0,614
0,677
0,244
0,384
0,600
0,478
0,242
0,713
0,291
0,241
0,716
0,590
0,240
0,653
0,785
0,239
0,666
0,238
0,697
0,476
0,287
0,237
0,594
0,474
0,797
0,236
0,682
0,473
0,235
0,583
0,472
0,807
0,234
0,724
0,471
0,277
0,233
0,506
0,269
0,232
0,420
0,777
0,231
0,504
0,468
11,6
11,8
13,8
19,3
19,2
20,3
20,2
12,1
12,2
8,11
11,19
11,15
11,20
11,29
10,74
10,69
10,20
10,165
10,138
14,139
5356,3
5356,1
14,110
4570,1
4570,7
5356,6
5356,7
0,360
0,270
0,372
14,98
14,106
5489,301
5489,1
5220,1
0,329
14,123
4751,13
4751,1
4751,14
4751,20
4751,37
4751,50
4751,59
4751,3
4751,9
4751,11
4751,12
4751,21
4751,29
4751,32
4751,38
4751,40
4751,44
4751,49
4751,51
4751,58
4751,61
4751,65
4751,68
4751,71
0,375
13,7
4437,3
4437,1
0,323
0,401
0,322
0,334
0,419
14,121
14,126
5415,3
5415,1
14,76
5492,1
5415,77
0,333
0,447
14,147
4846,3
4846,19
4846,4
0,338
14,88
4932,11
4932,1
14,97
